速度前20
291     铁面忍者      
20142   化石翼龙      
386     迪奥西斯      
101     顽皮弹       
30150   超梦Y       
30249   洛奇亚       
169     叉字蝠       
135     雷精灵       
142     化石翼龙      
150     超梦        
20150   超梦X       
20249   洛奇亚       
277     大王燕       
20094   耿鬼        
254     蜥蜴王       
51      三地鼠       
65      胡地        
53      猫老大       
121     宝石海星      
243     雷公        

HP前20
242     幸福蛋       
113     吉利蛋       
202     果然翁       
321     吼鲸王       
10297   超力王       
143     卡比兽       
289     请假王       
297     超力王       
40      胖可丁       
134     水精灵       
131     乘龙        
320     吼吼鲸       
171     电灯怪       
39      胖丁        
244     炎帝        
365     帝牙海狮      
340     鲶鱼王       
30249   洛奇亚       
10249   洛奇亚       
20250   凤王        

双防前20
213     壶壶        
377     雷吉洛克      
378     雷吉艾斯      
379     雷吉斯奇鲁     
10249   洛奇亚       
249     洛奇亚       
20248   班吉拉       
208     大钢蛇       
20080   呆河马       
356     夜巨人       
20250   凤王        
250     凤王        
306     波士可多拉     
197     月精灵       
20212   巨钳螳螂      
20130   暴鲤龙       
30249   洛奇亚       
245     水君        
382     海皇牙       
383     古拉顿       

物攻前20
20150   超梦X       
20214   赫拉克罗斯     
30384   烈空座Z      
20248   班吉拉       
20257   火焰鸡       
30257   火焰鸡       
20250   凤王        
30249   洛奇亚       
10297   超力王       
289     请假王       
20130   暴鲤龙       
10384   烈空座Z      
383     古拉顿       
20212   巨钳螳螂      
384     烈空座       
20249   洛奇亚       
30150   超梦Y       
386     迪奥西斯      
373     血翼飞龙      
10257   火焰鸡       

特攻前20
30150   超梦Y       
30384   烈空座Z      
30249   洛奇亚       
20094   耿鬼        
20249   洛奇亚       
20150   超梦X       
150     超梦        
10384   烈空座Z      
382     海皇牙       
384     烈空座       
386     迪奥西斯      
10094   耿鬼        
20250   凤王        
65      胡地        
30257   火焰鸡       
381     拉提奥斯      
94      耿鬼        
196     太阳精灵      
20257   火焰鸡       
20080   呆河马       

总值前20
30249   洛奇亚       
30384   烈空座Z      
30150   超梦Y       
20150   超梦X       
20250   凤王        
20249   洛奇亚       
10249   洛奇亚       
20248   班吉拉       
10384   烈空座Z      
150     超梦        
384     烈空座       
250     凤王        
249     洛奇亚       
382     海皇牙       
383     古拉顿       
289     请假王       
20130   暴鲤龙       
30257   火焰鸡       
373     血翼飞龙      
376     巨金怪       

所有排行
id      name      	total	HP	F	TG	WG	SD	rank
30249   洛奇亚       	0	17	16	2	7	5	1
30384   烈空座Z      	1	29	31	1	2	22	5
30150   超梦Y       	2	27	61	0	16	4	2
20150   超梦X       	3	28	40	5	0	10	2
20250   凤王        	4	19	10	12	6	32	4
20249   洛奇亚       	5	23	24	4	15	11	3
10249   洛奇亚       	6	18	4	67	79	28	1
20248   班吉拉       	7	49	6	84	3	167	11
10384   烈空座Z      	8	31	69	7	11	76	5
150     超梦        	9	22	80	6	59	9	2
384     烈空座       	10	30	81	9	14	75	5
250     凤王        	11	25	11	42	34	94	4
249     洛奇亚       	12	24	5	101	111	27	3
382     海皇牙       	13	45	18	8	80	97	7
383     古拉顿       	14	46	19	62	12	98	8
289     请假王       	15	6	117	85	9	55	6
20130   暴鲤龙       	16	48	15	173	10	134	32
30257   火焰鸡       	17	56	221	14	5	31	45
373     血翼飞龙      	18	44	67	41	18	57	13
376     巨金怪       	19	108	26	64	23	96	14
20257   火焰鸡       	20	161	144	18	4	59	45
378     雷吉艾斯      	21	118	2	28	308	190	27
379     雷吉斯奇鲁     	22	121	3	89	95	299	28
377     雷吉洛克      	23	120	1	278	45	298	26
20094   耿鬼        	24	101	141	3	175	13	66
20142   化石翼龙      	25	99	83	175	24	1	62
386     迪奥西斯      	26	287	311	10	17	2	18
381     拉提奥斯      	27	103	62	15	117	30	16
380     拉提亚斯      	28	102	25	45	166	29	15
149     快龙        	29	67	50	63	22	139	9
151     梦幻        	30	34	42	68	81	49	10
251     雪拉比       	31	35	43	69	82	53	12
385     吉拉祈       	32	36	44	70	83	58	17
248     班吉拉       	33	50	32	86	20	221	11
20212   巨钳螳螂      	34	165	14	256	13	124	79
20214   赫拉克罗斯     	35	111	27	380	1	123	80
10130   暴鲤龙       	36	32	41	174	21	132	19
10094   耿鬼        	37	55	155	11	176	21	66
146     火焰鸟       	38	74	99	20	85	93	22
145     闪电鸟       	39	72	98	21	118	48	21
243     雷公        	40	71	97	33	138	19	23
144     急冻鸟       	41	75	20	90	134	110	20
244     炎帝        	42	14	135	99	48	52	24
245     水君        	43	47	17	105	193	119	25
10297   超力王       	44	4	78	402	8	243	122
10257   火焰鸡       	45	78	194	24	19	148	45
20080   呆河马       	46	182	8	19	192	386	94
350     美纳斯       	47	58	72	25	289	56	36
59      风速狗       	48	73	138	65	53	70	29
10003   妙蛙花       	49	91	51	40	153	141	30
10006   喷火龙       	50	106	101	37	147	54	31
230     刺龙王       	51	134	58	79	91	117	34
242     幸福蛋       	52	0	172	161	410	260	35
143     卡比兽       	53	5	94	200	60	371	33
130     暴鲤龙       	54	59	88	224	36	130	32
260     巨沼怪       	55	51	82	115	52	234	39
169     叉字蝠       	56	89	139	177	119	6	38
6       喷火龙       	57	127	126	38	148	45	40
157     火暴兽       	58	128	127	39	149	50	41
131     乘龙        	59	10	95	122	137	231	37
257     火焰鸡       	60	114	196	43	39	142	45
254     蜥蜴王       	61	157	161	53	140	14	44
365     帝牙海狮      	62	15	79	92	171	218	47
9       水箭龟       	63	125	33	124	150	149	42
160     大力鳄       	64	92	70	149	62	150	43
306     波士可多拉     	65	176	12	229	57	292	46
3       妙蛙花       	66	112	71	58	154	135	48
154     大菊花       	67	113	37	131	152	140	53
196     太阳精灵      	68	188	150	17	241	26	54
134     水精灵       	69	9	148	46	239	203	50
135     雷精灵       	70	186	149	47	240	7	51
10078   烈焰马       	71	158	162	71	87	35	56
136     火精灵       	72	208	112	87	27	204	52
91      铁甲贝       	73	298	22	117	96	175	49
197     月精灵       	74	60	13	243	237	205	55
330     沙漠蜻蜓      	75	104	142	141	74	42	59
103     椰蛋树       	76	61	156	23	102	253	57
121     宝石海星      	77	229	113	74	200	18	58
282     沙奈朵       	78	184	86	22	238	144	60
233     3D龙II     	79	94	68	48	170	233	63
73      毒刺水母      	80	105	65	144	220	46	61
142     化石翼龙      	81	100	195	232	70	8	62
181     电龙        	82	83	100	29	198	258	64
208     大钢蛇       	83	144	7	264	133	377	65
68      怪力        	84	82	119	197	25	251	68
38      九尾        	85	145	93	135	186	43	67
10127   大甲        	86	135	159	198	31	120	70
213     壶壶        	87	411	0	413	409	413	69
10234   惊角鹿       	88	76	291	44	56	122	135
94      耿鬼        	89	230	213	16	246	25	75
186     牛蛙君       	90	81	89	106	197	180	78
62      快泳蛙       	91	79	63	179	136	170	72
229     黑鲁加       	92	132	223	36	121	73	82
55      哥达鸭       	93	109	145	77	156	107	71
321     吼鲸王       	94	3	339	103	124	238	84
78      烈焰马       	95	189	165	142	88	33	73
217     圈圈熊       	96	84	158	154	30	259	81
344     念力土偶      	97	241	21	184	218	158	85
89      臭臭泥       	98	26	96	201	65	275	74
232     顿甲        	99	85	75	226	44	285	83
212     巨钳螳螂      	100	169	85	257	26	206	79
127     大甲        	101	201	111	258	38	109	77
214     赫拉克罗斯     	102	110	110	325	37	116	80
123     飞天螳螂      	103	160	143	259	55	38	76
34      尼多王       	104	97	151	118	100	106	87
31      尼多后       	105	64	105	156	155	151	86
139     多刺菊石兽     	106	172	48	35	267	255	89
126     鸭嘴火龙      	107	197	184	57	103	79	88
346     摇篮百合      	108	88	35	134	158	323	91
348     太古盔甲      	109	141	84	176	35	318	92
141     镰刀盔       	110	240	103	199	47	138	90
65      胡地        	111	270	234	13	318	16	93
199     河马王       	112	63	52	72	194	376	100
182     美丽花       	113	139	46	104	168	280	99
80      呆河马       	114	62	53	73	195	369	94
125     电击兽       	115	190	183	91	151	34	97
110     双弹瓦斯      	116	210	54	120	114	228	95
334     七夕青鸟      	117	136	47	185	219	146	102
128     肯泰罗       	118	131	121	327	73	24	98
115     袋龙        	119	20	136	329	99	91	96
241     大奶罐       	120	57	90	332	172	51	101
76      隆隆岩       	121	123	45	260	58	308	103
368     樱花鳗       	122	282	87	34	146	268	106
367     猎斑鳗       	123	281	76	93	69	267	105
112     铁甲暴龙      	124	33	118	306	28	332	104
369     古空棘鱼      	125	40	49	310	113	266	107
97      素利柏       	126	93	64	163	207	193	108
45      霸王花       	127	138	102	56	173	274	109
71      大食花       	128	116	248	66	61	171	110
295     爆音怪       	129	21	240	96	109	192	115
275     狡猾天狗      	130	77	261	100	71	143	114
272     乐天河童      	131	117	104	107	222	185	113
224     章鱼桶       	132	140	160	50	66	316	112
362     冰鬼护       	133	96	140	143	174	147	116
101     顽皮弹       	134	227	166	146	314	3	111
26      雷丘        	135	231	214	102	120	39	117
332     梦歌奈亚      	136	173	266	32	51	263	121
310     雷电兽       	137	159	265	54	203	36	120
87      白海狮       	138	80	91	186	221	174	118
99      巨钳蟹       	139	278	123	277	29	157	119
10200   梦妖        	140	237	116	55	268	121	173
36      皮可西       	141	52	125	125	223	225	123
297     超力王       	142	7	260	326	46	289	122
178     天然鸟       	143	192	201	80	202	63	124
326     噗噗猪       	144	115	92	108	337	145	126
324     煤炭龟       	145	183	28	121	135	404	125
18      比雕        	146	95	173	180	177	78	127
342     铁螯龙虾      	147	220	202	98	41	264	129
340     鲶鱼王       	148	16	180	150	185	242	128
317     吞食兽       	149	39	115	164	208	262	130
82      三合一磁怪     	150	297	124	26	269	173	131
226     巨翅飞鱼      	151	206	29	147	356	181	133
359     阿勃梭鲁      	152	205	267	155	33	160	136
205     佛烈托斯      	153	142	38	238	112	337	132
227     盔甲鸟       	154	207	30	331	167	182	134
234     惊角鹿       	155	147	239	116	93	118	135
189     毽子绵       	156	130	120	271	291	23	140
323     喷火驼       	157	179	177	51	75	346	143
122     吸盘魔偶      	158	351	66	76	336	92	138
319     巨牙鲨       	159	162	364	88	43	74	142
171     电灯怪       	160	12	216	151	285	195	139
357     热带龙       	161	41	109	167	233	272	144
286     斗笠菇       	162	243	203	223	32	186	141
85      嘟嘟利       	163	232	233	228	54	47	137
336     饭匙蛇       	164	148	263	60	77	215	146
335     猫鼬斩       	165	146	262	227	50	95	145
291     铁面忍者      	166	221	328	281	123	0	147
124     迷唇姐       	167	195	228	30	317	72	152
203     麒麟奇       	168	164	224	95	182	113	153
354     诅咒娃娃      	169	218	238	130	49	216	155
42      大嘴蝠       	170	133	175	208	178	81	148
57      火爆猴       	171	194	227	230	63	69	149
10057   火爆猴       	172	196	229	231	64	77	149
356     夜巨人       	173	371	9	242	217	393	156
106     沙瓦郎       	174	294	129	357	40	99	150
107     艾比郎       	175	295	60	358	68	152	151
237     柯波朗       	176	299	34	359	97	183	154
49      末入蛾       	177	163	211	97	245	86	158
119     金鱼王       	178	119	174	202	105	191	160
210     布卢皇       	179	86	209	225	42	315	161
221     长毛猪       	180	42	192	233	76	284	162
28      穿山王       	181	137	114	308	86	201	157
113     吉利蛋       	182	1	290	376	413	277	159
164     猫头夜鹰      	183	38	169	152	315	178	164
22      大嘴雀       	184	191	242	220	122	40	163
337     月石        	185	167	163	78	294	187	168
117     海刺龙       	186	274	185	81	243	108	166
53      猫老大       	187	187	249	211	227	17	165
338     太阳岩       	188	168	164	261	90	188	169
288     过动猿       	189	107	210	266	180	85	167
352     变隐龙       	190	261	59	239	116	347	170
24      阿柏怪       	191	239	168	204	126	136	171
114     蔓藤怪       	192	211	146	75	292	229	172
200     梦妖        	193	236	170	127	271	112	173
279     大嘴鸥       	194	246	106	128	310	212	179
195     沼王        	195	53	154	206	139	356	174
305     可多拉       	196	260	56	280	115	344	180
277     大王燕       	197	228	292	282	143	12	178
211     千针鱼       	198	203	232	262	92	115	176
215     狃拉        	199	271	235	360	104	20	177
207     天蝎        	200	202	108	364	199	114	175
40      胖可丁       	201	8	326	157	231	305	181
192     向日花怪      	202	143	197	49	201	375	183
358     风铃铃       	203	209	153	82	313	217	184
105     嘎拉嘎拉      	204	255	55	286	169	311	182
184     玛力露丽      	205	37	137	249	312	281	186
148     哈克龙       	206	222	212	178	130	177	185
372     甲壳龙       	207	214	152	235	101	296	190
262     大狼犬       	208	166	225	236	106	184	187
375     金属怪       	209	253	74	267	196	297	191
264     直冲熊       	210	126	254	290	228	41	188
351     漂浮泡泡      	211	154	198	187	225	189	189
162     大尾立       	212	90	274	312	188	83	192
284     雨翅蛾       	213	171	176	139	272	236	194
206     土龙弟弟      	214	43	208	210	226	314	193
20      拉达        	215	272	236	283	160	60	195
219     熔岩蜗牛      	216	314	39	145	309	379	198
364     海魔狮       	217	65	193	159	274	320	201
247     沙基拉       	218	174	199	205	129	270	199
308     恰雷姆       	219	238	167	245	270	127	200
185     胡说树       	220	181	73	381	84	373	197
77      小火马       	221	293	271	207	142	89	196
47      派拉斯特      	222	263	134	234	89	368	205
51      三地鼠       	223	379	257	287	183	15	206
93      鬼斯通       	224	326	316	31	323	71	208
256     力壮鸡       	225	251	270	111	131	261	216
253     森林蜥蜴      	226	292	294	126	251	62	215
5       火恐龙       	227	266	252	136	258	128	203
156     火岩鼠       	228	267	253	137	259	131	210
2       妙蛙草       	229	247	182	138	263	224	202
176     波克基古      	230	283	57	148	357	335	212
8       卡咪龟       	231	265	131	212	260	244	204
153     月桂叶       	232	248	130	219	262	232	209
259     沼跃鱼       	233	175	200	240	127	286	217
159     蓝鳄        	234	212	181	253	159	245	211
67      豪力        	235	122	222	279	72	307	207
202     果然翁       	236	2	276	377	384	364	214
198     黑暗鸦       	237	235	354	123	144	84	213
311     正电拍拍      	238	233	282	129	321	66	218
312     负电拍拍      	239	234	215	160	362	67	219
64      勇吉拉       	240	347	319	27	377	37	220
315     毒蔷薇       	241	300	250	59	275	213	223
314     甜甜萤       	242	200	231	166	331	105	222
320     吼吼鲸       	243	11	388	188	232	237	224
313     电萤虫       	244	199	230	303	209	104	221
44      臭臭花       	245	257	179	110	242	328	225
137     3D龙       	246	216	178	113	273	333	226
70      口呆花       	247	213	327	119	108	252	227
168     阿利多斯      	248	178	226	237	107	334	230
166     安瓢虫       	249	275	132	273	375	111	229
75      隆隆石       	250	284	133	309	98	351	228
193     阳阳玛       	251	193	340	158	255	64	231
267     狩猎凤蝶      	252	244	309	94	230	210	237
12      巴大蝴       	253	242	217	133	338	168	232
269     毒粉蝶       	254	245	128	295	311	211	238
15      大针蜂       	255	204	258	311	157	155	233
108     大舌头       	256	66	157	246	293	370	236
61      蚊香蛙       	257	198	281	291	250	82	234
95      大岩蛇       	258	382	36	388	335	176	235
302     勾魂眼       	259	304	186	209	187	290	241
222     太阳珊瑚      	260	286	107	214	290	357	239
303     大嘴娃       	261	305	187	263	128	291	242
301     优雅猫       	262	153	264	269	249	165	240
299     朝北鼻       	263	403	23	317	334	383	243
180     绵绵        	264	177	280	132	297	313	246
33      尼多力诺      	265	223	287	268	206	202	245
30      尼多娜       	266	150	255	270	264	247	244
240     小鸭嘴龙      	267	327	338	182	205	125	247
294     重音怪       	268	87	349	168	216	302	250
239     电击怪       	269	325	337	213	261	65	249
327     晃晃斑       	270	250	269	221	276	240	251
190     长尾怪手      	271	273	293	336	229	101	248
138     菊石兽       	272	386	147	109	359	354	252
345     触手百合      	273	185	122	222	354	395	254
140     化石盔       	274	399	207	265	179	256	253
347     太古羽虫      	275	329	317	328	94	159	255
83      大葱鸭       	276	288	275	254	235	227	256
58      卡蒂狗       	277	279	330	183	215	226	257
17      比比鸟       	278	219	302	293	277	161	258
366     珍珠贝       	279	389	191	162	257	365	260
111     铁甲犀牛      	280	124	241	383	141	390	259
274     长鼻叶       	281	170	365	241	211	235	265
271     莲叶小童      	282	252	256	250	319	287	264
329     超音波幼虫     	283	296	313	288	213	166	266
188     毽子花       	284	276	283	319	341	126	263
120     海星星       	285	394	297	189	343	100	262
109     瓦斯弹       	286	366	189	244	244	353	261
201     未知图腾      	287	321	324	165	210	301	267
331     沙漠奈亚      	288	312	369	112	145	362	269
72      玛瑙水母      	289	357	206	299	361	172	268
228     戴鲁比       	290	330	371	140	282	208	274
325     跳跳猪       	291	249	277	190	396	239	277
225     信使鸟       	292	328	342	215	299	153	273
170     灯笼鱼       	293	129	333	255	373	194	271
100     雷电球       	294	348	303	274	386	44	270
216     熊宝宝       	295	259	310	284	161	338	272
304     可可多拉      	296	315	188	335	224	384	276
231     小小象       	297	68	305	340	278	339	275
370     爱心鱼       	298	344	273	351	385	61	278
96      素利普       	299	256	204	323	327	324	279
81      小磁怪       	300	406	251	83	376	309	280
102     蛋蛋        	301	258	244	252	363	331	284
133     伊布        	302	280	278	316	296	254	285
86      小海狮       	303	215	243	318	339	310	281
88      臭泥        	304	98	306	333	184	389	282
98      大钳蟹       	305	400	284	394	67	276	283
35      皮皮        	306	152	286	251	342	349	286
43      走路草       	307	340	272	153	320	367	287
177     天然雀       	308	358	347	170	324	179	291
54      可达鸭       	309	301	320	194	303	250	288
104     卡拉卡拉      	310	311	171	343	316	352	289
118     角金鱼       	311	333	295	365	234	219	290
1       妙蛙种子      	312	336	285	195	326	303	292
79      呆呆兽       	313	69	301	337	252	405	293
7       杰尼龟       	314	343	237	297	328	321	294
158     小锯鳄       	315	306	288	322	236	322	295
63      凯西        	316	405	395	52	407	90	296
92      鬼斯        	317	395	400	61	382	137	298
255     火稚鸡       	318	338	344	169	280	317	300
252     木守宫       	319	355	346	216	344	164	299
258     水跃鱼       	320	310	315	289	214	340	301
333     青绵鸟       	321	334	205	347	360	293	302
84      嘟嘟        	322	381	378	361	132	156	297
4       小火龙       	323	374	334	247	304	196	303
155     火球鼠       	324	375	335	248	305	198	304
341     龙虾小兵      	325	345	318	285	162	363	305
238     迷唇娃       	326	331	372	114	391	209	310
322     呆火驼       	327	262	352	193	281	361	312
318     利牙鱼       	328	332	412	203	110	214	311
90      大舌贝       	329	401	247	314	248	330	309
48      毛球        	330	254	300	342	298	306	306
66      腕力        	331	180	351	362	164	350	308
56      猴怪        	332	356	374	363	165	169	307
316     溶食兽       	333	155	299	324	353	345	313
25      皮卡丘       	334	380	391	294	301	80	314
69      喇叭芽       	335	309	397	181	191	329	317
223     铁炮鱼       	336	383	392	192	256	207	321
147     迷你龙       	337	346	331	292	254	278	319
361     雪童子       	338	290	312	296	322	294	324
246     由基拉       	339	307	314	315	253	326	322
209     布卢        	340	264	341	330	163	378	320
371     宝贝龙       	341	335	343	334	189	295	325
60      蚊香蝌蚪      	342	350	373	344	325	88	316
343     天平偶       	343	364	246	348	364	265	323
374     铁哑铃       	344	370	190	368	295	385	326
74      小拳石       	345	372	219	384	181	398	318
27      穿山鼠       	346	308	279	403	204	327	315
37      六尾        	347	376	304	298	355	197	327
116     墨海马       	348	398	332	171	368	230	328
309     落雷兽       	349	360	375	217	346	200	330
353     怨影娃娃      	350	342	396	218	190	319	331
285     蘑蘑菇       	351	225	268	349	365	360	329
355     夜骷颅       	352	410	77	391	358	392	332
363     海豹球       	353	156	308	272	367	394	336
328     大颚蚁       	354	341	345	307	78	412	335
52      喵喵        	355	349	381	346	347	87	333
204     榛果球       	356	317	245	366	247	409	334
132     百变怪       	357	320	323	302	329	300	338
339     泥泥鳅       	358	289	355	304	330	241	339
23      阿柏蛇       	359	384	321	338	265	249	337
46      派拉斯       	360	390	296	313	212	388	340
179     咩利羊       	361	285	353	196	369	355	341
307     玛沙那       	362	397	298	350	366	223	343
287     懒人翁       	363	226	329	367	279	382	342
281     奇鲁莉安      	364	378	348	191	379	288	344
152     菊草叶       	365	337	218	301	412	312	345
29      尼多兰       	366	268	336	345	332	325	346
32      尼多朗       	367	322	370	341	286	273	347
39      胖丁        	368	13	411	320	352	397	348
278     长翅鸥       	369	353	404	275	392	103	350
276     傲骨燕       	370	352	403	386	302	102	349
283     溜溜糖球      	371	359	357	300	388	199	351
50      地鼠        	372	412	387	369	300	68	353
290     土居忍士      	373	393	259	389	340	342	352
165     芭瓢虫       	374	363	289	355	402	257	354
163     咕咕        	375	224	350	356	387	279	356
21      烈雀        	376	354	401	378	283	163	355
300     向尾喵       	377	302	368	371	345	271	357
360     小果然       	378	54	322	401	400	396	358
19      小拉达       	379	396	394	395	287	162	359
16      波波        	380	361	382	372	348	246	360
183     玛力露       	381	151	307	408	403	336	362
218     熔岩虫       	382	373	377	172	371	401	364
167     线球        	383	367	376	339	266	372	361
187     毽子草       	384	385	325	375	378	282	363
220     小山猪       	385	303	390	387	306	283	365
235     图图犬       	386	277	366	409	405	154	366
175     波克比       	387	392	220	354	401	400	368
41      超音蝠       	388	362	383	390	349	248	367
293     咕妞妞       	389	217	410	276	307	387	370
263     蛇纹熊       	390	377	361	393	389	222	369
292     鬼蝉        	391	413	386	382	125	343	372
296     幕下力士      	392	149	402	404	284	391	371
270     莲叶童子      	393	368	362	352	390	380	374
261     土狼犬       	394	388	399	385	288	359	373
273     橡果球       	395	369	363	392	370	381	375
173     皮宝宝       	396	316	356	321	397	406	376
161     尾立        	397	391	379	370	333	399	377
174     宝宝丁       	398	70	413	353	395	407	378
236     巴尔郎       	399	387	393	374	374	358	380
194     乌波        	400	269	389	396	350	408	379
266     甲壳蛹       	401	318	359	397	380	410	384
268     盾甲茧       	402	319	360	398	381	411	385
14      铁壳昆       	403	339	380	399	398	348	382
11      铁甲蛹       	404	313	358	400	404	366	381
172     皮丘        	405	409	409	373	372	220	383
129     鲤鱼王       	406	407	384	411	411	129	386
349     笨笨鱼       	407	408	385	412	408	133	387
280     拉鲁拉丝      	408	404	406	305	399	341	388
265     刺尾虫       	409	324	398	405	351	402	391
13      独角虫       	410	365	408	406	383	269	390
10      绿毛虫       	411	323	407	407	394	304	389
298     露力丽       	412	291	367	410	406	403	392
191     向日种子      	413	402	405	379	393	374	393